Case #1: 11151 11155 11414 11514 11544 12114 12211 12213 12435 12511 12533 12541 12554 13242 13315 13445 14424 14554 15114 15124 15144 15155 15224 15421 15445 15453 15554 21115 21221 21314 21455 22111 22112 22332 22344 22433 23324 23515 24215 24255 25245 25412 25415 25531 31115 31131 31251 31253 31331 31524 31544 32421 32425 33421 34152 34214 34543 34553 35154 35254 35312 35513 41154 41223 41412 41512 41531 42145 42211 42251 42331 42423 43114 43154 43313 44153 44221 44311 44431 44534 44551 45332 45342 45345 45532 45535 45544 51142 51221 51245 51351 51445 52345 52453 53111 53125 53145 53232 53415 53454 53455 54122 54124 54151 54154 54215 54443 54445 54455 54531 55122 55135 55311 55341 55345 55435 55444 55445 55524 55534 55544
Case #2: 11131 11235 11341 12224 12254 12315 12331 12414 13442 14151 14154 14243 14244 14554 15131 15135 15142 15211 15244 15411 21253 21415 21543 21552 21553 22245 22335 22452 22541 23124 23253 23315 23354 23514 23534 24122 24123 24345 24355 24432 24451 25132 25252 25342 25412 25424 25511 31231 31514 31521 31541 32154 32325 32435 32441 32525 33215 33532 33541 33552 34352 34431 34433 34443 35144 35145 35324 35342 35353 35533 41343 41424 42224 42312 42322 42335 42352 42423 42434 42455 42542 43125 43134 43334 43413 43452 44312 44321 44333 44433 45145 45152 45235 45324 45544 51151 51325 51424 51441 51455 51524 52122 52145 52351 52445 53241 53425 53443 53532 54113 54153 54233 54432 55335 55443
Case #3: NONE
Case #4: 1111 1112 1113 1114 1121 1122 1123 1124 1131 1132 1133 1134 1142 1143 1144 1211 1212 1213 1214 1221 1222 1223 1224 1231 1232 1233 1234 1241 1243 1244 1311 1312 1313 1314 1321 1322 1323 1324 1331 1332 1334 1341 1342 1344 1412 1413 1414 1421 1422 1423 1424 1431 1432 1433 1434 1441 1442 1443 2111 2112 2113 2114 2121 2123 2124 2131 2132 2134 2141 2142 2143 2144 2211 2212 2213 2214 2221 2224 2231 2233 2234 2241 2243 2244 2311 2312 2314 2321 2322 2323 2324 2331 2332 2333 2334 2342 2343 2344 2411 2412 2413 2414 2421 2422 2424 2431 2432 2434 2441 2443 2444 3111 3112 3113 3114 3121 3122 3123 3124 3131 3133 3134 3141 3142 3143 3144 3211 3212 3213 3214 3221 3222 3224 3231 3232 3233 3234 3241 3242 3243 3244 3311 3312 3313 3322 3323 3324 3334 3341 3342 3344 3411 3412 3413 3414 3421 3422 3423 3431 3432 3433 3434 3441 3442 3443 3444 4111 4112 4113 4114 4121 4122 4123 4124 4131 4132 4133 4134 4141 4142 4143 4144 4211 4212 4213 4214 4221 4222 4223 4224 4231 4232 4233 4234 4242 4243 4311 4312 4313 4314 4321 4323 4324 4332 4334 4341 4342 4343 4344 4411 4412 4413 4414 4421 4422 4423 4424 4431 4432 4433 4434 4441 4442 4443 4444
Case #5: 111 112 113 121 122 123 131 132 133 211 212 213 221 222 223 231 232 233 311 312 313 321 322 323 331 332 333
Case #6: 11245 11333 11412 11423 11555 12114 12215 12313 12325 12451 13545 14121 14224 14553 15153 15235 15432 15452 15455 21124 21253 21331 21422 21434 21455 22252 22454 22552 23133 23254 23325 23533 23544 24252 24352 24433 24515 25132 25151 25212 25232 25413 25441 25452 25524 31143 31334 31545 32112 32143 32224 32521 32542 33123 33134 33211 33434 33443 33553 34121 34125 34135 34233 34343 34421 34434 34525 35233 35331 35334 35452 35454 35533 41213 41243 41251 41345 42142 42225 42234 42244 42413 43232 43244 43332 43444 43452 43455 44123 44212 44234 44243 44333 44424 45254 45531 51133 51231 51325 51354 51523 52125 52153 52521 52544 53114 53122 53222 53343 54324 54524 54525 55152 55243 55525 55531 55543 55555
Case #7: 111112 111123 116555 233422 341113 411111 425153 441643 533211 536432 546231 552412 641111
Case #8: 11 12 21 22
Case #9: NONE
Case #10: 1
Case #11: 111 112 113 121 122 123 131 132 133 211 212 213 221 222 223 231 232 233 311 312 313 321 322 323 331 332 333
Case #12: 111 112 113 121 122 123 131 132 133 211 212 213 221 222 223 231 232 233 311 312 313 321 322 323 331 332 333
Case #13: 1111 1112 1113 1121 1122 1123 1124 1131 1132 1133 1134 1141 1142 1143 1144 1211 1212 1213 1214 1221 1222 1223 1224 1231 1232 1233 1234 1242 1243 1244 1311 1312 1313 1314 1321 1323 1324 1331 1332 1333 1334 1342 1343 1344 1411 1412 1413 1414 1421 1422 1423 1424 1431 1432 1433 1434 1441 1442 1443 2111 2114 2121 2122 2123 2131 2132 2133 2134 2141 2142 2143 2144 2212 2213 2214 2221 2222 2223 2224 2232 2233 2234 2241 2242 2243 2244 2312 2313 2314 2321 2322 2323 2324 2331 2332 2333 2334 2341 2342 2343 2344 2411 2412 2413 2414 2421 2422 2423 2424 2431 2432 2433 2434 2441 2442 2443 2444 3112 3113 3114 3121 3122 3123 3124 3131 3132 3133 3134 3141 3142 3143 3144 3211 3212 3213 3214 3222 3224 3231 3232 3233 3234 3241 3243 3244 3311 3312 3313 3314 3322 3323 3324 3331 3332 3333 3334 3341 3344 3411 3412 3414 3421 3423 3424 3431 3432 3433 3434 3441 3442 3443 3444 4111 4112 4113 4114 4121 4122 4123 4124 4133 4142 4143 4144 4211 4212 4213 4214 4221 4222 4224 4231 4232 4233 4241 4242 4243 4311 4312 4313 4314 4321 4322 4323 4324 4331 4332 4333 4334 4342 4343 4344 4411 4412 4414 4422 4423 4424 4431 4432 4433 4434 4441 4442 4443 4444
Case #14: 11513 12132 12235 12533 12544 13224 13331 13435 13551 14132 14233 14242 14352 14532 15322 21122 21254 21322 21332 21423 21453 22225 22235 22253 22355 22422 23214 23233 23253 23323 23543 24431 24512 25235 25254 25334 25352 25414 31252 31343 31351 31444 31523 32125 32242 32323 33225 33232 33235 33244 33412 33413 33521 34131 34535 35243 35253 35325 35341 35431 35514 41213 41321 41413 41435 41522 41554 42125 42142 42332 42421 42533 43134 43155 43341 44122 44311 44312 44444 44535 45115 45355 45532 51151 51213 51411 51441 52135 52222 52342 52354 52415 52433 52542 53125 53145 53221 53231 53241 53252 53415 53523 54141 54214 54342 54511 55141 55321 55451 55535 55545
Case #15: NONE
Case #16: NONE
Case #17: NONE
Case #18: 11152 11223 11354 11415 12122 12145 12231 12443 12525 13211 14141 14154 14353 14441 14525 15215 15223 15312 15355 21154 21225 21312 21452 22315 22411 22521 23123 23144 23211 23232 23241 23535 24112 24145 24543 25211 25352 25454 25512 25545 31135 31235 31414 31534 32114 32115 32213 32244 32323 32535 33111 33113 33311 33331 33333 33423 33445 34152 34443 34545 35242 35345 35351 35352 35515 35544 35555 41122 41252 41333 41434 41441 41451 41531 42353 42554 43141 43224 44125 44235 44355 44411 45153 45254 45432 45452 51115 52212 52234 52251 52323 52423 53125 53253 53444 53524 53541 53551 54255 54355 55151 55225 55312 55435 55455 55522 55531
Case #19: 11 12 21 22
Case #20: NONE
Case #21: NONE
Case #22: 1
Case #23: 11 12 21 22
Case #24: 111 112 113 121 122 123 131 132 133 211 212 213 221 222 223 231 232 233 311 312 313 321 322 323 331 332 333
Case #25: 11 12 21 22
Case #26: NONE
Case #27: 11142 11332 11423 12135 12155 12241 12332 12455 12532 12535 12555 13331 13335 13452 14144 14224 14232 14321 14425 14451 15213 15235 15512 15515 21133 21354 21414 21432 21553 22152 22212 22455 23133 23221 23254 23443 23453 23544 24145 24151 24211 24412 24551 25241 25323 25341 25352 25421 25555 31253 31333 31335 31414 31453 31551 32215 32244 32345 32441 32554 33142 33155 33221 33222 33315 33352 34433 34523 34534 34551 35234 35252 35412 35441 41233 41234 41253 41352 41445 41451 41521 41523 42141 42151 42322 42534 43133 43255 44125 44553 45114 45132 45153 45241 45352 45512 45533 51114 51224 51233 51235 51255 51345 51533 51535 52135 52352 52354 52413 52414 52421 52524 53125 53234 53324 53412 53415 53511 53523 53555 54123 54125 54152 54214 54232 54412 54524 54535 55123 55124 55153 55452 55545
Case #28: 111 112 113 121 122 123 131 132 133 211 212 213 221 222 223 231 232 233 311 312 313 321 322 323 331 332 333
Case #29: NONE
Case #30: 134152 242566 326546 355134 551541 555422
Case #31: NONE
Case #32: NONE
Case #33: NONE
Case #34: 122555 226412 232144 244566 422264 425435 643145 653233
Case #35: 143122 243332 324333 362452 432433
Case #36: 11153 11155 11214 11312 11334 11413 11531 11543 11551 12142 12143 12243 12311 12443 13121 13151 13251 13342 13553 13554 14131 14145 14335 14451 15212 15214 15252 15315 15433 15513 21115 21424 21521 22115 22515 24115 24122 24135 24325 24353 24354 24431 24541 25111 25152 25215 25335 25425 31113 31214 31325 31355 31433 31512 31531 32123 32155 32412 32432 32511 33212 33253 33321 33345 33423 33442 33451 33533 34211 34425 35332 35544 41315 41355 41533 42111 42313 42425 42435 43251 43325 43331 43354 44251 44315 44355 44513 45131 45414 51115 51224 51231 51312 51452 51521 52151 52152 52413 52421 52542 53241 53334 53353 54135 54142 54153 54255 55135 55324 55335
Case #37: NONE
Case #38: 11 12 21 22
Case #39: 11123 11134 12135 12351 12535 13231 13253 13325 13412 13431 13524 13551 14331 14431 14542 15153 15353 15354 21224 21244 22122 22541 23135 23223 24411 24531 24541 25113 25133 25145 25411 25445 25551 31314 31332 31345 31355 31433 31443 31515 31533 31544 32235 32315 32514 33143 33154 33223 33245 33314 33331 33553 34123 35212 35353 35452 35531 35533 35541 41132 41325 41331 42453 43251 43313 43513 43521 43553 44111 44351 44352 44413 44513 45221 45313 45345 45424 45515 51133 51154 51425 51443 51452 51535 52124 52215 53134 53332 53531 53533 53543 54113 54123 54133 54251 54411 54435 55141 55154 55443 55514 55553
Case #40: 1112 1113 1121 1122 1124 1131 1132 1133 1134 1142 1144 1211 1212 1213 1214 1222 1223 1231 1232 1233 1234 1241 1242 1244 1311 1313 1314 1321 1322 1323 1324 1331 1332 1333 1334 1341 1343 1344 1411 1412 1413 1414 1422 1423 1424 1431 1432 1433 1434 1441 1442 1443 1444 2112 2113 2114 2121 2122 2123 2124 2131 2132 2141 2142 2143 2144 2211 2213 2214 2222 2223 2224 2231 2232 2233 2234 2241 2242 2243 2244 2311 2312 2313 2314 2322 2324 2331 2332 2333 2334 2341 2342 2343 2344 2411 2412 2413 2414 2421 2422 2423 2424 2432 2434 2441 2443 3111 3112 3113 3114 3121 3122 3123 3124 3131 3132 3133 3134 3141 3143 3144 3213 3214 3221 3222 3223 3224 3231 3232 3233 3234 3242 3244 3312 3313 3314 3321 3322 3323 3324 3331 3332 3333 3334 3341 3342 3343 3344 3411 3412 3413 3414 3421 3422 3423 3424 3431 3432 3433 3434 3441 3442 3443 3444 4111 4112 4113 4114 4121 4123 4124 4131 4132 4133 4134 4141 4142 4143 4144 4212 4213 4214 4221 4223 4224 4231 4233 4234 4241 4243 4244 4311 4312 4321 4322 4323 4332 4333 4334 4341 4342 4343 4344 4411 4412 4413 4414 4421 4422 4423 4424 4431 4432 4434 4441 4442 4443 4444
Case #41: 1111 1112 1113 1114 1121 1123 1124 1131 1132 1133 1134 1141 1142 1144 1211 1212 1213 1214 1221 1222 1223 1224 1231 1232 1233 1234 1242 1243 1244 1311 1312 1313 1314 1321 1323 1324 1331 1332 1333 1334 1342 1343 1344 1411 1412 1414 1421 1422 1423 1424 1431 1433 1434 1441 1442 1444 2111 2112 2113 2121 2122 2131 2132 2133 2134 2141 2142 2143 2144 2211 2212 2213 2214 2221 2222 2223 2224 2231 2232 2233 2243 2244 2311 2312 2313 2314 2321 2323 2324 2331 2332 2333 2334 2341 2344 2411 2412 2421 2423 2424 2431 2432 2433 2434 2441 2442 2443 2444 3111 3112 3113 3114 3121 3122 3123 3124 3131 3132 3133 3141 3142 3144 3211 3213 3214 3221 3222 3231 3232 3233 3234 3241 3243 3244 3311 3312 3313 3314 3321 3322 3323 3324 3331 3334 3341 3342 3343 3344 3411 3412 3413 3414 3421 3422 3423 3424 3431 3432 3433 3441 3442 3443 3444 4112 4113 4121 4122 4123 4124 4131 4132 4134 4141 4142 4143 4144 4211 4213 4214 4221 4222 4223 4231 4232 4233 4234 4241 4242 4243 4244 4312 4313 4314 4321 4323 4331 4332 4333 4334 4341 4343 4344 4411 4412 4413 4414 4421 4422 4423 4424 4431 4433 4434 4441 4442 4443 4444
Case #42: 1111 1112 1113 1114 1121 1122 1123 1124 1131 1133 1141 1142 1143 1144 1212 1213 1214 1221 1222 1223 1224 1231 1232 1233 1234 1241 1243 1244 1311 1312 1313 1314 1321 1322 1323 1324 1331 1333 1334 1341 1342 1343 1344 1411 1412 1414 1421 1422 1423 1424 1431 1433 1434 1442 1443 1444 2112 2113 2114 2121 2122 2123 2124 2131 2132 2134 2141 2142 2143 2144 2212 2213 2223 2224 2231 2232 2233 2234 2241 2243 2244 2311 2312 2313 2314 2321 2322 2323 2324 2331 2332 2333 2334 2341 2342 2343 2344 2412 2413 2414 2422 2432 2433 2434 2441 2442 2443 2444 3111 3112 3113 3114 3121 3122 3123 3124 3131 3132 3133 3134 3142 3143 3144 3211 3212 3213 3214 3221 3222 3223 3224 3231 3232 3233 3234 3241 3242 3243 3244 3311 3312 3313 3314 3321 3322 3323 3324 3331 3332 3333 3334 3341 3342 3343 3344 3411 3412 3413 3414 3421 3423 3424 3431 3432 3433 3434 3441 3442 3443 3444 4111 4112 4113 4114 4121 4122 4123 4124 4131 4132 4133 4134 4141 4143 4144 4211 4212 4214 4221 4222 4223 4224 4231 4232 4234 4241 4242 4243 4244 4311 4313 4321 4323 4324 4331 4332 4333 4334 4341 4343 4344 4411 4412 4413 4414 4421 4422 4423 4424 4431 4432 4433 4434 4441 4442 4443 4444
Case #43: 1
Case #44: 11 12 21 22
Case #45: NONE
Case #46: 216261 434616 631322
Case #47: 1
Case #48: 1
Case #49: NONE
Case #50: 111 112 113 121 122 123 131 132 133 211 212 213 221 222 223 231 232 233 311 312 313 321 322 323 331 332 333
Case #51: 6417274
Case #52: 111 112 113 121 122 123 131 132 133 211 212 213 221 222 223 231 232 233 311 312 313 321 322 323 331 332 333
Case #53: 1111 1112 1113 1114 1121 1122 1123 1124 1131 1132 1133 1134 1141 1142 1143 1144 1211 1212 1213 1214 1221 1222 1223 1224 1231 1232 1233 1234 1241 1242 1243 1244 1312 1314 1322 1323 1324 1331 1332 1334 1342 1343 1344 1411 1412 1413 1414 1421 1422 1423 1424 1431 1432 1433 1434 1441 1442 1443 1444 2111 2113 2114 2121 2122 2123 2124 2131 2132 2133 2134 2141 2142 2143 2144 2211 2212 2213 2221 2222 2223 2224 2231 2232 2233 2234 2242 2243 2244 2311 2312 2321 2322 2323 2324 2331 2332 2333 2334 2341 2342 2343 2344 2411 2412 2413 2414 2421 2422 2423 2424 2431 2432 2433 2434 2441 2442 2443 2444 3111 3112 3113 3114 3121 3122 3123 3124 3132 3133 3134 3141 3143 3211 3212 3213 3214 3221 3222 3223 3232 3233 3234 3241 3242 3243 3244 3311 3313 3314 3323 3324 3331 3332 3334 3342 3343 3344 3411 3412 3414 3421 3422 3423 3424 3431 3432 3433 3434 3441 3442 3443 3444 4111 4112 4113 4114 4121 4122 4123 4124 4131 4134 4141 4143 4144 4211 4213 4214 4221 4222 4223 4224 4231 4232 4233 4234 4241 4243 4244 4311 4312 4313 4321 4322 4323 4324 4331 4333 4334 4341 4342 4343 4344 4411 4413 4414 4421 4422 4423 4424 4432 4433 4434 4441 4442 4443 4444
Case #54: 1
Case #55: NONE
Case #56: NONE
Case #57: 1111 1112 1113 1114 1121 1123 1124 1131 1132 1133 1134 1141 1142 1144 1211 1212 1213 1214 1221 1222 1223 1224 1231 1232 1233 1234 1241 1242 1244 1311 1312 1313 1314 1321 1322 1323 1324 1331 1332 1333 1334 1341 1342 1343 1412 1414 1423 1424 1431 1432 1433 1441 1442 1443 1444 2112 2113 2114 2122 2123 2124 2132 2133 2134 2143 2144 2211 2212 2213 2214 2221 2222 2223 2224 2231 2232 2234 2241 2242 2243 2244 2312 2313 2314 2321 2322 2323 2324 2331 2332 2333 2334 2341 2342 2343 2344 2411 2412 2413 2414 2421 2422 2423 2424 2431 2432 2433 2434 2441 2442 2443 2444 3111 3112 3113 3114 3121 3122 3123 3124 3131 3132 3133 3134 3141 3143 3144 3211 3212 3213 3214 3221 3222 3223 3224 3231 3232 3233 3234 3241 3242 3243 3244 3311 3313 3314 3322 3323 3324 3331 3332 3333 3334 3341 3342 3343 3344 3411 3412 3413 3421 3422 3423 3424 3431 3433 3434 3442 3444 4111 4112 4113 4114 4121 4122 4123 4124 4131 4132 4133 4134 4141 4142 4144 4211 4212 4213 4214 4221 4223 4224 4231 4232 4233 4234 4241 4242 4243 4244 4311 4312 4313 4314 4321 4322 4324 4331 4332 4333 4334 4342 4343 4344 4411 4412 4414 4421 4422 4423 4424 4431 4432 4433 4434 4441 4442 4443 4444
Case #58: 11 12 21 22
Case #59: 1111 1112 1121 1122 1123 1124 1131 1132 1141 1144 1211 1212 1213 1214 1221 1222 1223 1224 1231 1232 1233 1234 1241 1242 1243 1244 1311 1312 1313 1314 1321 1322 1323 1324 1332 1333 1334 1341 1342 1343 1411 1412 1413 1414 1421 1422 1423 1424 1431 1432 1433 1434 1441 1442 1443 1444 2111 2112 2114 2121 2122 2123 2124 2132 2133 2134 2141 2142 2143 2144 2211 2212 2213 2214 2221 2222 2223 2224 2231 2232 2234 2241 2242 2243 2244 2311 2313 2314 2321 2322 2323 2324 2332 2333 2334 2341 2342 2343 2344 2411 2412 2413 2414 2421 2422 2423 2424 2431 2432 2433 2434 2441 2442 2443 2444 3111 3114 3121 3122 3123 3124 3131 3132 3133 3134 3141 3142 3143 3144 3211 3212 3213 3214 3221 3222 3223 3224 3231 3232 3233 3234 3241 3242 3243 3244 3311 3312 3314 3321 3322 3323 3324 3331 3332 3333 3334 3341 3342 3343 3344 3411 3412 3413 3421 3423 3424 3431 3432 3433 3434 3442 3443 3444 4111 4112 4113 4114 4121 4122 4123 4124 4131 4132 4133 4134 4141 4142 4143 4211 4212 4214 4221 4222 4223 4224 4231 4232 4233 4234 4242 4243 4244 4311 4312 4313 4314 4321 4322 4323 4324 4331 4332 4333 4334 4341 4342 4344 4411 4412 4413 4414 4421 4422 4423 4424 4431 4432 4433 4441 4442 4443 4444
Case #60: 233442 312561 344121 423656 534412
Case #61: 1112 1114 1121 1122 1123 1124 1131 1141 1142 1143 1144 1211 1212 1213 1214 1222 1223 1224 1231 1233 1234 1241 1242 1243 1244 1311 1312 1313 1314 1321 1322 1323 1324 1331 1333 1334 1341 1342 1343 1411 1412 1413 1414 1421 1423 1424 1431 1432 1433 1434 1441 1444 2112 2113 2114 2121 2122 2123 2124 2131 2132 2133 2134 2141 2142 2143 2144 2212 2214 2221 2222 2223 2224 2231 2232 2234 2241 2242 2244 2311 2312 2313 2314 2321 2322 2332 2333 2341 2342 2344 2412 2413 2414 2421 2422 2431 2432 2433 2434 2441 2442 2443 3111 3112 3113 3114 3121 3122 3124 3131 3132 3133 3134 3141 3142 3144 3211 3212 3213 3214 3222 3224 3231 3232 3234 3241 3242 3243 3311 3313 3321 3322 3324 3333 3334 3341 3342 3343 3412 3413 3414 3421 3422 3424 3431 3432 3433 3434 3441 3442 3443 4112 4114 4121 4122 4123 4124 4131 4132 4133 4134 4141 4142 4143 4144 4211 4212 4213 4214 4221 4222 4223 4224 4231 4232 4233 4234 4241 4242 4243 4244 4311 4312 4313 4314 4323 4324 4331 4332 4333 4334 4341 4342 4343 4344 4412 4413 4414 4421 4422 4423 4424 4431 4432 4433 4434 4441 4442 4444
Case #62: 1
Case #63: 1171541
Case #64: NONE
Case #65: NONE
Case #66: 11 12 21 22
Case #67: 111 112 113 121 122 123 131 132 133 211 212 213 221 222 223 231 232 233 311 312 313 321 322 323 331 332 333
Case #68: NONE
Case #69: 1111 1113 1114 1121 1122 1123 1132 1133 1134 1141 1142 1143 1144 1211 1212 1213 1214 1221 1222 1223 1231 1234 1241 1242 1243 1244 1311 1312 1313 1314 1321 1322 1323 1324 1331 1332 1333 1334 1341 1342 1343 1344 1411 1412 1413 1414 1421 1422 1423 1424 1431 1432 1433 1434 1441 1442 1443 2111 2112 2113 2114 2121 2122 2123 2124 2131 2132 2133 2134 2141 2143 2144 2211 2212 2213 2214 2221 2222 2224 2232 2233 2241 2242 2244 2311 2312 2313 2321 2323 2331 2332 2333 2334 2341 2342 2343 2344 2411 2412 2413 2414 2421 2422 2423 2424 2431 2432 2433 2434 2441 2443 2444 3111 3113 3114 3121 3122 3123 3124 3131 3132 3133 3134 3142 3143 3144 3211 3212 3213 3214 3221 3222 3231 3232 3233 3234 3241 3243 3244 3311 3312 3313 3314 3321 3323 3324 3331 3332 3334 3341 3342 3343 3344 3411 3412 3413 3414 3421 3422 3423 3424 3431 3432 3433 3434 3441 3442 3443 3444 4111 4112 4113 4114 4121 4122 4123 4124 4131 4132 4133 4134 4141 4142 4143 4144 4211 4212 4213 4214 4221 4223 4224 4231 4232 4233 4241 4242 4243 4244 4311 4312 4313 4314 4321 4322 4323 4324 4331 4332 4333 4334 4341 4342 4343 4344 4412 4413 4414 4421 4423 4424 4431 4432 4433 4434 4442 4443 4444
Case #70: NONE
Case #71: 4277531 7722774
Case #72: 236255 245416 431116 554255 556344 563443 634436
Case #73: NONE
Case #74: 1475333 1545335
Case #75: 1
Case #76: 6226624
Case #77: 121433 166255 214332 241442 252534 324352 355425 525341 664341
Case #78: 124456 131354 153544 153564 212445 262256 361111 626225
Case #79: 11151 11153 11225 11242 12132 12244 12333 12435 12445 13315 13324 13355 14152 14225 14324 14333 14353 15134 15143 15215 15243 15544 21132 21133 21244 21422 21445 21452 21511 21525 22113 22144 22453 22454 22525 22553 23135 23221 23333 23335 23412 23425 24354 24411 24425 24543 25111 25234 25334 25343 25345 25533 25541 31213 31224 31243 31331 31352 31433 31435 31513 32142 32224 32322 32454 33151 33242 33355 33551 33554 34355 34444 34524 34532 34553 35512 35534 41414 41433 41514 42145 42151 42245 42251 42255 42322 42342 42413 42534 43143 43523 43542 43551 43553 44141 44253 44314 44515 45115 45312 45321 45432 45434 51112 51115 51131 51232 51344 51352 51435 51453 51551 52211 52431 52434 52555 53122 53214 53345 53444 53455 54232 54322 54414 54443 54511 55143 55145 55255 55344 55445 55451
Case #80: 152663 362536 413162 466356 625361 634561
Case #81: NONE
Case #82: 1
Case #83: 11 12 21 22
Case #84: 162366 211342 222464 265465 463612 552326 641522
Case #85: 1111 1112 1113 1114 1121 1122 1124 1131 1132 1133 1134 1141 1142 1143 1211 1212 1213 1214 1221 1222 1223 1224 1231 1232 1234 1241 1243 1244 1311 1312 1313 1314 1321 1322 1323 1332 1334 1341 1342 1343 1344 1411 1412 1413 1414 1421 1422 1423 1431 1432 1433 1434 1441 1442 1443 1444 2111 2112 2113 2114 2121 2122 2123 2124 2131 2132 2134 2141 2142 2143 2144 2211 2212 2213 2214 2221 2222 2223 2224 2231 2232 2233 2234 2241 2242 2243 2244 2311 2312 2313 2314 2321 2322 2323 2324 2331 2332 2333 2334 2341 2342 2343 2344 2411 2413 2414 2421 2422 2423 2424 2431 2433 2434 2441 2442 2443 2444 3111 3113 3114 3121 3122 3123 3124 3131 3133 3134 3141 3142 3143 3144 3211 3212 3213 3214 3221 3222 3223 3224 3231 3232 3233 3234 3242 3244 3312 3313 3314 3321 3322 3323 3324 3331 3333 3341 3342 3343 3411 3412 3413 3414 3421 3422 3423 3424 3431 3432 3433 3434 3442 3443 3444 4111 4112 4113 4114 4121 4123 4131 4132 4133 4134 4141 4142 4143 4144 4211 4212 4213 4214 4221 4222 4223 4224 4231 4232 4233 4234 4241 4242 4243 4244 4311 4312 4314 4322 4323 4324 4331 4332 4333 4334 4341 4342 4343 4344 4411 4413 4421 4422 4423 4424 4431 4432 4433 4434 4441 4442 4443
Case #86: NONE
Case #87: 5377646
Case #88: 11 12 21 22
Case #89: 111 112 113 121 122 123 131 132 133 211 212 213 221 222 223 231 232 233 311 312 313 321 322 323 331 332 333
Case #90: NONE
Case #91: 1
Case #92: NONE
Case #93: 11524 12115 12143 13142 13234 13351 13415 14113 14525 14544 15111 15141 15245 15253 15331 15335 15352 21145 21341 21433 21524 22242 22424 22451 22532 22534 23224 23233 23253 23325 23423 23433 24513 24541 25121 25322 25334 25455 31222 31425 31551 32124 32332 32343 32515 32533 33114 33124 33142 33153 33213 33241 33253 33332 33431 33513 33524 33545 34151 34153 34313 34334 34454 35113 35212 35224 35235 35245 35451 35555 41132 41211 41412 41454 41533 42114 42253 42255 42433 43134 43311 43343 43352 43523 44131 44145 44225 44312 44543 45133 45415 45435 45445 45513 45514 51212 51214 51323 51435 51525 52123 52322 52323 52352 52431 52454 53213 53225 53424 53431 54225 54331 54335 54413 54553 55132 55152
Case #94: 136531 262223 335423 341136 354234 442452 651365
Case #95: 1
Case #96: 11232 11251 11343 11543 12122 12151 12222 12322 12421 12534 13125 13213 13333 13343 13413 14124 14244 14311 14322 15132 15152 15231 15255 15422 15431 15433 15545 21145 21155 21213 21215 21321 21334 21424 21431 21513 21515 22115 22224 22234 22243 22244 22341 22424 22444 22445 23121 23243 23322 23344 23425 24151 24213 24221 24333 24412 24435 24544 25112 25142 25435 25512 31252 31523 32211 32332 33224 33444 33551 34122 34211 34333 34343 34411 34434 34442 34544 35323 35422 35441 35512 41212 41242 41342 41513 42115 42132 42213 42222 42244 42342 42415 42422 43331 43335 43434 43441 43443 43545 44121 44134 44224 44234 44344 44354 45122 45214 45442 45452 45511 51123 51125 51222 51312 51341 51425 51521 51542 52143 52144 52151 52311 52315 52554 53412 53523 54223 54413 54422 54512 54523 54545 54551 55124 55452
Case #97: 111 112 113 121 122 123 131 132 133 211 212 213 221 222 223 231 232 233 311 312 313 321 322 323 331 332 333
Case #98: 111 112 113 121 122 123 131 132 133 211 212 213 221 222 223 231 232 233 311 312 313 321 322 323 331 332 333
Case #99: NONE
Case #100: 11 12 21 22