Case #1: 1
Case #2: 11 12 21 22
Case #3: 
Case #4: 2766531
Case #5: 11 12 21 22
Case #6: 111 112 113 121 122 123 131 132 133 211 212 213 221 222 223 231 232 233 311 312 313 321 322 323 331 332 333
Case #7: 
Case #8: 111 112 113 121 122 123 131 132 133 211 212 213 221 222 223 231 232 233 311 312 313 321 322 323 331 332 333
Case #9: 
Case #10: 11123 11223 11234 11351 11414 11451 11525 12235 12352 13113 13141 13335 13523 14112 14143 14254 14255 14352 14355 14512 15431 15522 21145 21314 21411 21422 21425 22142 22545 22553 23124 23154 23255 23321 23333 23523 24113 24132 24141 25414 25433 25444 25531 25553 31135 31232 31244 31311 31435 31554 32114 32253 32411 33211 33213 33333 33335 33343 33345 33353 33354 33454 33523 34233 34243 34544 35123 35214 35232 35233 35252 35254 35314 35421 41132 41325 41414 41433 42131 42152 42343 42445 42543 43333 43445 43512 43521 43525 44235 44434 44524 45114 51352 52332 52333 52535 52541 53123 53132 53143 53334 53352 53355 53512 53531 54214 54215 54333 54352 54442 54443 55211 55335 55421
Case #11: 
Case #12: 
Case #13: 113245 154661 221152 226534 241562 254234 324356 324455 332435 355412 451515 533243 615651 622354 666666
Case #14: 111 112 113 121 122 123 131 132 133 211 212 213 221 222 223 231 232 233 311 312 313 321 322 323 331 332 333
Case #15: 11 12 21 22
Case #16: 11151 11341 12345 12412 12425 13155 13224 13233 13245 13252 13415 13511 14355 14413 14434 14445 14521 14533 15424 15452 21242 21325 21351 22224 22241 22323 22415 22451 23222 23243 23452 23514 24124 24154 24332 24355 24513 24514 25111 25123 25511 25532 31431 31522 31554 32132 32222 32245 32314 32351 32451 33152 33224 33444 33514 34254 34441 34524 35113 35511 41232 41322 41323 41441 42553 43322 43541 43551 44132 44413 44414 45131 45145 45242 45341 45434 45442 45513 51115 51134 51234 51323 51345 51351 51435 51452 52151 52255 52511 52542 53224 53315 54131 54144 54155 54345 54424 54441 54543 55115 55215 55323 55444
Case #17: 111 112 113 121 122 123 131 132 133 211 212 213 221 222 223 231 232 233 311 312 313 321 322 323 331 332 333
Case #18: 
Case #19: 111 112 113 121 122 123 131 132 133 211 212 213 221 222 223 231 232 233 311 312 313 321 322 323 331 332 333
Case #20: 
Case #21: 11 12 21 22
Case #22: 144614 153631 363654 365436 451536 466516 536315 613462 661366
Case #23: 
Case #24: 6715721
Case #25: 11144 11153 11314 11412 11443 11535 11541 12115 12121 12132 12144 12354 13143 13214 13233 13324 13424 13444 13554 14121 14351 14423 14433 14441 15253 15312 15443 21151 21211 21212 21213 21435 21444 21525 22123 22143 22152 22311 22454 22515 23315 23544 24141 24221 24424 24545 25325 31124 31512 32141 32211 32345 32413 34321 34444 34524 34532 35243 35325 35443 35444 41141 41214 41243 41324 41332 41415 41522 42212 42341 42431 43112 43132 43441 43515 43532 44123 44234 44332 44412 44433 44444 44445 44541 45143 45155 45215 45244 51111 51314 51512 51522 52215 53332 53432 53455 54431 54443 54515 55251 55411 55451 55525
Case #26: 
Case #27: 1
Case #28: 1112 1113 1114 1121 1122 1123 1124 1131 1132 1134 1141 1142 1143 1144 1211 1213 1214 1221 1222 1223 1224 1231 1232 1233 1234 1241 1243 1311 1313 1314 1321 1322 1323 1324 1331 1332 1333 1334 1341 1342 1343 1344 1411 1413 1414 1421 1422 1423 1424 1431 1432 1433 1441 1442 1443 1444 2112 2113 2121 2122 2131 2132 2133 2134 2141 2142 2143 2144 2211 2212 2214 2221 2222 2223 2224 2231 2232 2233 2234 2241 2242 2243 2244 2311 2312 2313 2314 2322 2323 2324 2331 2333 2334 2342 2343 2344 2411 2412 2413 2414 2421 2422 2423 2424 2431 2432 2433 2434 2442 2443 3111 3112 3113 3114 3121 3122 3123 3124 3131 3132 3133 3134 3141 3142 3143 3144 3211 3213 3214 3221 3222 3223 3224 3231 3232 3233 3241 3242 3243 3244 3311 3312 3313 3314 3321 3322 3323 3324 3331 3332 3333 3334 3341 3342 3343 3344 3411 3412 3413 3414 3421 3422 3423 3424 3431 3432 3433 3434 3441 3443 3444 4111 4112 4113 4114 4122 4123 4124 4132 4133 4134 4142 4143 4144 4212 4213 4214 4221 4222 4223 4224 4231 4233 4234 4241 4242 4243 4244 4311 4312 4313 4314 4321 4322 4324 4331 4332 4333 4334 4342 4343 4344 4411 4413 4414 4421 4422 4423 4431 4432 4433 4434 4441 4442 4443 4444
Case #29: 126166 134124 145355 325223 341241 341341 413412 434565 436526 441331
Case #30: 
Case #31: 
Case #32: 1111 1112 1114 1121 1122 1123 1124 1132 1133 1134 1141 1142 1143 1144 1211 1213 1214 1221 1222 1223 1224 1232 1233 1234 1241 1242 1243 1244 1311 1312 1313 1314 1321 1322 1323 1324 1331 1332 1333 1341 1342 1343 1344 1411 1412 1413 1414 1421 1422 1423 1424 1431 1432 1433 1434 1441 1442 1443 1444 2112 2113 2114 2121 2122 2123 2124 2131 2132 2134 2141 2143 2144 2211 2212 2214 2221 2222 2223 2224 2231 2233 2234 2241 2242 2243 2244 2311 2312 2313 2314 2321 2322 2323 2331 2332 2333 2334 2341 2342 2343 2344 2411 2412 2413 2414 2421 2422 2423 2424 2431 2432 2433 2434 2441 2442 2443 2444 3111 3112 3114 3121 3122 3123 3124 3131 3132 3134 3142 3143 3144 3211 3212 3213 3214 3221 3222 3224 3231 3232 3233 3234 3242 3243 3244 3311 3312 3314 3321 3323 3324 3331 3332 3333 3334 3341 3342 3343 3344 3411 3412 3413 3414 3421 3422 3423 3424 3431 3432 3433 3434 3441 3442 3443 4111 4112 4113 4114 4122 4123 4124 4131 4132 4134 4141 4143 4144 4211 4212 4213 4214 4221 4222 4223 4224 4231 4232 4233 4234 4241 4243 4244 4311 4312 4313 4314 4321 4322 4323 4324 4331 4332 4333 4334 4341 4342 4343 4344 4411 4412 4413 4414 4422 4423 4424 4431 4432 4433 4434 4441 4443 4444
Case #33: 1
Case #34: 
Case #35: 
Case #36: 11515 12132 12312 12533 13114 13213 13214 13223 13341 13453 13525 14125 14452 14535 15121 15152 15153 15213 15341 15442 15515 21114 21321 21322 21335 21352 22321 22442 23125 23531 23544 24123 24415 24424 24455 25153 25234 25314 25331 25443 31113 31253 31311 31315 31522 31533 31541 31551 32111 32132 32143 32232 33334 33414 33543 34142 34243 34531 35144 35253 35313 35431 41144 41152 41235 41253 41424 41515 41543 42232 42441 42545 43154 43155 43511 44115 44152 44215 44223 44233 44244 44315 44351 44424 44525 45355 51123 51143 51213 51441 51534 51544 52132 52241 52531 52543 53135 53235 53332 53355 53414 53424 53552 54315 54422 54442 55112 55244 55343 55444 55541 55554 55555
Case #37: 1111 1112 1113 1114 1121 1122 1123 1124 1131 1132 1134 1141 1142 1143 1144 1211 1212 1213 1214 1221 1222 1223 1224 1231 1232 1234 1241 1242 1243 1244 1311 1312 1313 1314 1321 1322 1323 1324 1332 1333 1334 1341 1342 1343 1344 1412 1413 1414 1421 1422 1431 1432 1433 1434 1441 1442 1443 1444 2111 2112 2113 2114 2121 2122 2123 2124 2131 2133 2134 2142 2143 2144 2211 2212 2213 2214 2221 2222 2223 2224 2231 2233 2234 2241 2242 2243 2244 2311 2312 2313 2321 2322 2323 2324 2331 2332 2333 2334 2341 2342 2343 2344 2411 2413 2414 2421 2422 2423 2424 2431 2432 2433 2434 2441 2442 2444 3111 3112 3113 3114 3121 3122 3123 3124 3131 3132 3133 3134 3141 3142 3144 3211 3212 3213 3214 3221 3222 3223 3224 3231 3232 3233 3234 3241 3242 3243 3244 3311 3312 3313 3314 3321 3322 3323 3324 3331 3332 3333 3334 3341 3342 3343 3344 3411 3412 3413 3414 3421 3423 3431 3432 3433 3441 3443 3444 4111 4112 4113 4114 4122 4123 4124 4131 4132 4133 4134 4141 4142 4143 4144 4211 4212 4213 4214 4221 4222 4223 4224 4231 4232 4241 4242 4244 4311 4312 4313 4314 4321 4322 4323 4324 4331 4332 4333 4334 4341 4343 4344 4411 4412 4413 4414 4421 4422 4424 4431 4432 4433 4434 4441 4442 4443 4444
Case #38: 1111 1112 1113 1114 1121 1122 1123 1124 1132 1133 1141 1143 1144 1211 1212 1213 1214 1221 1222 1223 1224 1231 1232 1233 1241 1242 1243 1311 1312 1313 1321 1323 1331 1332 1333 1334 1342 1344 1411 1412 1413 1414 1421 1424 1431 1432 1433 1434 1441 1442 1443 1444 2111 2112 2113 2114 2121 2122 2123 2124 2131 2132 2133 2134 2141 2142 2143 2211 2212 2213 2214 2222 2223 2224 2231 2232 2233 2234 2241 2242 2243 2244 2311 2312 2313 2321 2322 2324 2331 2332 2333 2334 2342 2343 2344 2411 2412 2414 2421 2422 2423 2424 2431 2432 2433 2434 2441 2442 2443 2444 3111 3112 3113 3114 3121 3122 3123 3124 3131 3132 3133 3134 3141 3143 3144 3212 3213 3214 3221 3222 3223 3224 3231 3232 3233 3241 3242 3243 3244 3311 3312 3313 3314 3321 3322 3323 3324 3331 3332 3333 3334 3341 3343 3344 3411 3412 3421 3422 3423 3431 3432 3433 3434 3441 3442 3443 3444 4111 4112 4113 4114 4121 4122 4123 4131 4132 4141 4142 4143 4144 4212 4213 4221 4222 4223 4224 4233 4234 4241 4242 4243 4244 4311 4312 4313 4314 4322 4323 4324 4331 4332 4333 4334 4341 4342 4343 4344 4411 4412 4413 4414 4421 4422 4423 4424 4431 4432 4433 4434 4441 4442 4443 4444
Case #39: 
Case #40: 
Case #41: 1111 1112 1113 1114 1121 1122 1123 1124 1131 1133 1134 1141 1142 1143 1144 1211 1212 1213 1214 1221 1222 1224 1231 1232 1233 1234 1241 1242 1243 1244 1312 1313 1314 1321 1322 1323 1324 1331 1332 1333 1334 1341 1342 1343 1344 1411 1412 1413 1414 1421 1422 1423 1424 1431 1432 1433 1441 1442 1443 1444 2111 2112 2113 2121 2122 2123 2124 2131 2132 2133 2134 2141 2142 2143 2211 2212 2213 2214 2221 2223 2224 2231 2232 2233 2234 2241 2242 2243 2244 2311 2312 2313 2314 2321 2322 2323 2324 2331 2332 2333 2334 2341 2342 2343 2344 2411 2412 2413 2414 2421 2422 2423 2424 2431 2432 2433 2434 2441 2442 2443 2444 3112 3113 3114 3121 3122 3124 3131 3132 3133 3134 3141 3144 3211 3212 3213 3214 3221 3222 3223 3224 3231 3232 3233 3234 3242 3243 3244 3311 3312 3313 3314 3321 3322 3323 3324 3331 3332 3333 3334 3341 3342 3343 3344 3411 3412 3413 3414 3421 3422 3423 3424 3431 3432 3433 3434 3441 3442 3443 3444 4111 4112 4113 4114 4121 4122 4123 4124 4131 4132 4133 4134 4141 4142 4143 4144 4211 4212 4213 4214 4221 4222 4223 4224 4231 4232 4233 4241 4242 4243 4244 4311 4312 4313 4321 4322 4323 4324 4331 4332 4333 4334 4342 4343 4344 4411 4412 4413 4414 4421 4422 4423 4431 4432 4433 4434 4441 4442 4443 4444
Case #42: 
Case #43: 
Case #44: 11 12 21 22
Case #45: 111 112 113 121 122 123 131 132 133 211 212 213 221 222 223 231 232 233 311 312 313 321 322 323 331 332 333
Case #46: 
Case #47: 111 112 113 121 122 123 131 132 133 211 212 213 221 222 223 231 232 233 311 312 313 321 322 323 331 332 333
Case #48: 111 112 113 121 122 123 131 132 133 211 212 213 221 222 223 231 232 233 311 312 313 321 322 323 331 332 333
Case #49: 1111 1112 1113 1114 1121 1122 1123 1124 1131 1132 1133 1134 1141 1142 1211 1212 1213 1214 1221 1222 1224 1231 1232 1233 1234 1241 1242 1243 1244 1311 1312 1314 1321 1322 1323 1324 1331 1332 1333 1334 1341 1342 1343 1344 1411 1412 1413 1414 1421 1422 1423 1424 1432 1433 1434 1441 1442 1443 1444 2111 2112 2113 2121 2122 2123 2124 2131 2132 2133 2134 2141 2142 2143 2144 2211 2212 2213 2214 2221 2222 2223 2224 2231 2232 2233 2234 2241 2242 2243 2244 2311 2312 2313 2314 2321 2322 2323 2324 2331 2332 2333 2334 2341 2342 2343 2344 2411 2412 2413 2414 2421 2422 2423 2424 2431 2432 2433 2434 2441 2442 2443 2444 3111 3112 3113 3114 3121 3122 3124 3134 3141 3142 3143 3144 3211 3212 3213 3214 3221 3222 3223 3224 3231 3232 3233 3241 3242 3312 3314 3321 3322 3323 3324 3331 3332 3333 3334 3341 3342 3343 3344 3411 3413 3414 3421 3422 3423 3431 3432 3433 3434 3441 3442 3443 3444 4112 4113 4114 4121 4122 4123 4124 4131 4132 4134 4141 4142 4143 4144 4211 4212 4213 4214 4221 4222 4223 4224 4231 4232 4233 4234 4242 4243 4244 4311 4312 4314 4321 4322 4324 4332 4333 4334 4341 4342 4343 4344 4411 4412 4414 4421 4422 4423 4431 4432 4433 4434 4441 4442 4443 4444
Case #50: 1
Case #51: 11 12 21 22
Case #52: 3616464
Case #53: 
Case #54: 1111 1112 1113 1114 1121 1122 1124 1131 1133 1134 1141 1142 1144 1211 1212 1213 1214 1221 1222 1223 1231 1233 1234 1242 1243 1244 1312 1313 1314 1321 1322 1324 1331 1332 1333 1334 1341 1342 1343 1344 1411 1412 1421 1422 1423 1424 1431 1432 1433 1434 1441 1442 1443 1444 2111 2112 2113 2114 2121 2122 2123 2124 2131 2132 2133 2134 2141 2142 2143 2144 2211 2212 2213 2214 2221 2222 2223 2224 2231 2232 2233 2234 2241 2242 2243 2244 2311 2312 2313 2314 2321 2322 2324 2331 2332 2334 2341 2342 2343 2344 2411 2412 2414 2421 2422 2423 2424 2432 2433 2434 2441 2442 2443 2444 3111 3112 3113 3121 3123 3124 3132 3133 3134 3141 3142 3143 3144 3211 3212 3214 3221 3222 3224 3231 3232 3234 3241 3242 3243 3244 3311 3312 3321 3322 3323 3324 3331 3332 3341 3342 3343 3344 3412 3413 3414 3422 3423 3424 3431 3432 3433 3434 3441 3442 3443 3444 4111 4113 4114 4121 4122 4123 4124 4131 4132 4142 4144 4211 4212 4213 4214 4221 4222 4223 4224 4231 4232 4233 4241 4242 4243 4244 4311 4312 4313 4321 4322 4323 4324 4331 4332 4333 4334 4342 4343 4344 4411 4412 4413 4421 4422 4423 4424 4431 4432 4433 4434 4442 4443 4444
Case #55: 111143 112332 116122 122421 156361 221413 225354 253541 343131 363113 422141 535414 563614
Case #56: 132256 146522 225445 236346 314652 352612 363423 451313 666666
Case #57: 122451 153521 213151 245111 352131 362131 435214 465352 524511 552451 654435
Case #58: 
Case #59: 1111 1112 1113 1114 1121 1122 1124 1131 1132 1133 1134 1141 1142 1143 1144 1211 1212 1213 1214 1221 1222 1223 1224 1231 1232 1233 1234 1241 1242 1243 1244 1311 1312 1313 1314 1321 1322 1323 1324 1331 1332 1333 1341 1342 1343 1344 1411 1412 1413 1414 1421 1422 1423 1424 1431 1432 1434 1441 1442 1443 1444 2111 2113 2114 2121 2122 2123 2124 2131 2132 2133 2134 2141 2142 2143 2144 2211 2212 2213 2214 2221 2222 2223 2224 2231 2232 2234 2241 2242 2243 2244 2311 2312 2313 2314 2321 2324 2331 2332 2333 2341 2342 2343 2344 2411 2412 2413 2414 2421 2422 2423 2424 2431 2432 2433 2434 2441 2442 2443 2444 3111 3112 3113 3114 3121 3122 3124 3131 3132 3133 3134 3142 3144 3212 3213 3214 3221 3222 3223 3224 3231 3233 3234 3241 3242 3243 3244 3311 3312 3313 3321 3322 3323 3324 3331 3332 3333 3334 3341 3342 3343 3344 3411 3412 3413 3414 3421 3422 3423 3431 3432 3433 3434 3441 3442 3443 3444 4111 4112 4113 4114 4121 4123 4124 4131 4132 4133 4134 4141 4142 4143 4144 4211 4212 4213 4214 4221 4222 4223 4224 4231 4232 4234 4241 4242 4243 4244 4311 4312 4313 4314 4321 4322 4323 4324 4332 4333 4334 4341 4342 4343 4411 4413 4421 4422 4423 4424 4431 4432 4433 4434 4442 4443 4444
Case #60: 11251 11253 11335 12134 12244 12352 12452 12524 13135 13241 13312 13423 13452 13512 13555 14244 14322 14531 15331 15435 21324 21342 22132 22151 22225 22335 22442 22541 23242 23254 23325 23543 24111 24131 24243 24333 24422 24434 24524 24542 25155 25245 25424 25442 25533 31113 31125 31212 31242 31345 31432 32132 32213 32354 32411 32441 33111 33121 33124 33255 33551 34124 34212 34313 35213 35511 35513 35551 41124 41424 42121 42215 42312 42355 42433 43114 43221 43244 44112 44122 44223 44245 44412 45233 45355 45422 45535 45544 51113 51155 51341 51453 51521 52232 52332 52351 52424 52443 53312 53551 54113 54424 54441 54551 54553 55112 55134 55241 55455 55513 55515 55551
Case #61: 
Case #62: 
Case #63: 111 112 113 121 122 123 131 132 133 211 212 213 221 222 223 231 232 233 311 312 313 321 322 323 331 332 333
Case #64: 1
Case #65: 
Case #66: 
Case #67: 11314 11531 12131 12241 12351 12454 12524 13121 13141 13153 13334 14132 14421 14435 14543 15313 15321 15324 15514 21152 21252 21312 21315 21532 21541 22115 22143 22225 22253 22315 22352 22414 22431 23133 23154 23313 23344 23512 23513 24144 24214 24242 24252 24543 24544 25132 25224 25351 25352 25452 25552 31224 31335 31532 32211 32424 32525 33133 33144 33215 33321 33345 33443 33455 34422 34435 35135 35151 35253 35254 35343 41141 41153 41215 41322 41324 41452 41453 42114 42141 42142 42233 42235 42313 42331 42422 42513 42535 43233 43515 43534 43535 43551 43554 44211 44222 44345 44353 45112 45433 45542 51322 51554 52123 52154 52351 52421 52425 52432 52454 52533 52544 52545 53122 53252 53334 53443 53525 54332 54343 54432 54524 55344 55524
Case #68: 111 112 113 121 122 123 131 132 133 211 212 213 221 222 223 231 232 233 311 312 313 321 322 323 331 332 333
Case #69: 1
Case #70: 1111 1112 1113 1114 1121 1122 1123 1124 1131 1132 1133 1142 1143 1211 1212 1213 1214 1221 1222 1223 1231 1232 1233 1234 1241 1242 1244 1311 1312 1313 1314 1321 1322 1323 1331 1332 1333 1334 1341 1342 1343 1344 1412 1413 1421 1422 1423 1424 1432 1434 1441 1442 1443 1444 2111 2112 2114 2121 2122 2123 2124 2131 2132 2133 2134 2141 2142 2143 2144 2211 2212 2213 2214 2222 2223 2224 2231 2232 2233 2234 2242 2243 2244 2311 2312 2313 2314 2321 2322 2323 2324 2332 2333 2334 2341 2342 2344 2411 2412 2413 2414 2422 2423 2424 2431 2433 2434 2441 2442 2443 2444 3111 3112 3113 3114 3121 3122 3123 3124 3131 3132 3133 3134 3141 3142 3143 3144 3211 3213 3214 3221 3222 3223 3224 3231 3232 3233 3234 3242 3243 3244 3312 3313 3314 3321 3322 3323 3324 3331 3332 3333 3334 3341 3342 3343 3344 3412 3413 3414 3421 3422 3423 3424 3431 3432 3433 3434 3441 3442 3443 3444 4112 4113 4114 4121 4122 4123 4124 4131 4132 4133 4134 4141 4142 4211 4212 4213 4221 4222 4223 4224 4231 4232 4233 4234 4241 4242 4243 4244 4311 4312 4313 4314 4322 4323 4324 4331 4332 4333 4341 4342 4343 4344 4411 4412 4413 4414 4421 4422 4423 4424 4431 4432 4433 4434 4441 4442 4443
Case #71: 114123 146646 241445 243363 355362 543251 544231 556453 614411 633664 652366
Case #72: 11154 11244 11345 11434 11453 12311 12442 12453 12521 13235 13322 13452 13511 15221 15422 15455 15534 21124 21143 21245 21252 21342 21553 22121 22323 22424 22452 23112 23113 23124 23143 23231 23244 23334 23511 24231 24241 24313 24332 24425 24521 24534 24553 25112 25212 25242 25435 25524 31332 31344 31351 31354 31435 31521 32112 32313 32354 32442 33134 33152 33342 33422 33522 34221 34224 34235 34432 34514 34531 34553 35113 35125 35151 35232 35544 41321 41545 42233 42352 42524 42535 43132 43512 44122 44555 45213 45223 45244 45312 45333 45535 45553 51115 51141 51252 51253 51515 52112 52213 52232 52351 52511 53231 53242 53334 53443 53533 54351 55252 55313 55323 55331 55441 55533
Case #73: 1
Case #74: 111 112 113 121 122 123 131 132 133 211 212 213 221 222 223 231 232 233 311 312 313 321 322 323 331 332 333
Case #75: 1
Case #76: 5614427
Case #77: 11 12 21 22
Case #78: 11151 11225 11321 11441 11511 11514 11521 12111 12244 12433 13215 14415 14425 14454 14521 14544 15145 15232 15442 15541 21115 21132 21414 22315 22325 22443 22552 23121 23153 23255 23514 23523 24325 24331 24434 24543 25223 25241 25445 25525 25531 25542 31252 31412 31431 31532 32155 32312 32544 32554 33115 33145 33514 35255 35352 35451 41125 41355 41445 41554 42213 42255 42454 43111 43252 43254 43255 43314 43524 43525 44223 44231 44244 44251 44341 44422 44544 45115 45132 45432 45441 45442 45533 45542 51124 51314 51321 51452 52321 52412 52444 52514 52554 53152 53213 53455 54113 54133 54145 54222 54225 54325 54442 54554 55234 55251 55334 55411 55413 55422 55444 55451
Case #79: 1
Case #80: 11322 11345 11435 12132 12142 12154 12343 13334 13345 13354 13454 14121 14213 14352 14443 14541 14554 15241 15253 15432 15433 21123 21154 21313 21323 21333 21443 21524 21542 22311 22421 22554 23534 23543 24215 24445 25133 25231 25452 25515 31143 31321 31412 31455 32211 32255 33144 33151 33353 33451 34152 34315 34351 34354 34414 34445 34513 34541 34542 35322 35344 35353 35434 35512 35534 41215 41221 41344 41454 41551 42112 42154 42512 43114 43314 43424 43435 43523 44313 44352 44431 44455 44531 44551 45121 45425 45541 51355 51435 52111 52332 52411 52444 53222 53225 53435 53444 53532 54123 54131 54145 54254 54311 54325 54331 54525 55113 55152 55245 55332 55343 55412 55431 55453
Case #81: 335113 336143 352646 353535 364534 453415 534152 543114 554521 555452 555536 614342 654311
Case #82: 226434 243526 253434 264342 354616 413111 636642 664214
Case #83: 11 12 21 22
Case #84: 113353 253166 256552 353345 355262 442336 523261 625655
Case #85: 154536 312444 341436 353643 415365 432523 543264 625633 635364 664656
Case #86: 1
Case #87: 11 12 21 22
Case #88: 
Case #89: 11 12 21 22
Case #90: 
Case #91: 
Case #92: 11 12 21 22
Case #93: 11121 11214 11215 11235 11413 11451 11513 12112 12145 12424 12533 12544 13152 13254 13335 13351 13414 13515 13531 14114 14132 14244 14344 14513 15213 15254 15335 21121 21145 21243 21253 21335 21413 21511 21542 22141 22151 22222 22314 23141 23244 23253 23315 23332 23421 23553 24242 24243 24312 24324 24425 24442 24445 25114 25243 25412 25443 25454 31151 31211 31254 31411 31521 31555 32254 32324 32424 32445 33132 33235 33323 33511 33524 33545 34132 34211 34212 34534 35114 35124 35134 35351 35452 41141 41231 41321 41434 42112 42125 42432 42435 42444 43115 43255 43325 44223 44445 44451 44453 44511 44535 45135 45221 45345 45351 45513 51141 51151 51322 51525 52133 52143 52212 52333 52442 53115 53121 53242 53351 53453 53512 53514 53522 53535 54122 54312 54421 55132 55421
Case #94: 1
Case #95: 1112 1113 1122 1123 1124 1131 1132 1133 1134 1141 1142 1143 1144 1213 1221 1223 1224 1231 1232 1233 1241 1242 1243 1311 1312 1313 1314 1321 1322 1323 1324 1331 1332 1333 1334 1341 1342 1343 1344 1412 1413 1414 1421 1422 1423 1431 1432 1433 1434 1442 1443 1444 2111 2112 2113 2114 2121 2122 2124 2131 2132 2133 2134 2142 2211 2212 2213 2221 2224 2231 2232 2233 2234 2241 2242 2243 2244 2311 2312 2313 2321 2322 2323 2324 2332 2333 2334 2341 2342 2343 2411 2412 2413 2414 2421 2422 2423 2424 2431 2432 2434 2441 2442 2443 2444 3112 3113 3114 3123 3124 3131 3132 3133 3134 3141 3142 3143 3144 3211 3212 3213 3221 3222 3223 3224 3231 3232 3233 3234 3241 3242 3244 3311 3313 3314 3321 3322 3323 3324 3331 3332 3333 3334 3342 3343 3344 3411 3413 3414 3421 3422 3423 3424 3431 3432 3433 3434 3441 3442 3444 4111 4112 4113 4114 4122 4123 4124 4131 4132 4134 4141 4142 4143 4144 4211 4212 4213 4214 4221 4223 4224 4231 4232 4234 4241 4242 4243 4311 4312 4313 4314 4321 4323 4324 4331 4332 4333 4334 4341 4342 4343 4344 4412 4413 4414 4421 4422 4423 4424 4431 4433 4434 4441 4442 4443 4444
Case #96: 1462563
Case #97: 126156 135312 234533 234666 311234 365421 514523 523146 526146 554426 613531 615665 652133 652614 666215
Case #98: 
Case #99: 11554 12142 12151 12255 12315 12443 13122 13223 13255 13522 14142 14224 14341 15125 15142 15212 15251 21215 21231 21315 21422 21512 21514 21521 22251 23115 23131 23325 23444 24235 24243 24341 24433 25132 25134 25211 25242 25244 25245 25325 25425 25542 25554 31145 31224 31225 31312 31352 31355 31434 31545 32125 32425 32524 32551 32554 33141 33251 33255 34143 34151 34252 34331 34442 34513 35151 35214 35322 41225 41244 41433 41512 41542 42141 42243 42325 42423 42431 42524 42535 43343 43412 43414 43415 44221 44334 44424 44553 45254 45325 45452 51253 51514 52123 52424 53135 53145 53234 53252 53255 53313 53515 53524 53532 54212 54455 54525 54545 55153 55325 55331 55423 55434 55445 55454
Case #100: 1113 1114 1121 1122 1124 1131 1133 1134 1141 1142 1143 1144 1213 1214 1221 1222 1224 1231 1232 1233 1234 1241 1243 1244 1312 1313 1314 1322 1324 1331 1333 1334 1342 1343 1344 1411 1412 1413 1414 1421 1422 1423 1424 1432 1433 1434 1441 1442 1443 1444 2112 2114 2121 2122 2123 2131 2132 2133 2134 2141 2142 2143 2144 2211 2213 2214 2221 2223 2224 2231 2232 2233 2234 2241 2242 2243 2244 2311 2312 2313 2314 2321 2322 2323 2324 2331 2332 2333 2341 2342 2344 2411 2412 2413 2414 2421 2422 2423 2431 2432 2433 2441 2442 2443 2444 3111 3112 3113 3114 3122 3123 3124 3131 3132 3133 3134 3141 3143 3144 3211 3212 3214 3221 3222 3223 3224 3231 3232 3233 3234 3241 3242 3243 3244 3311 3312 3313 3314 3321 3322 3323 3331 3332 3333 3334 3341 3342 3343 3344 3411 3412 3413 3414 3421 3422 3423 3424 3431 3432 3434 3441 3442 3443 3444 4111 4112 4113 4114 4121 4122 4123 4124 4131 4132 4133 4134 4141 4142 4143 4144 4211 4212 4213 4214 4221 4222 4223 4224 4231 4232 4233 4234 4241 4242 4243 4244 4311 4313 4314 4322 4323 4324 4331 4332 4333 4334 4341 4342 4343 4344 4411 4412 4413 4414 4421 4422 4423 4424 4431 4432 4433 4434 4441 4443 4444